14
332 484 76 349 55 118 237 302 288 3 417 328 107 337 0
3170 6732 1865 2365 623 5306 6029 0
898 1008 228 573 105 397 745 0
5298 8537 14924 1940 4494 13762 8655 13544 16139 10289 9648 4292 0
59 162 41 30 141 54 3 34 219 227 36 0
6080 6673 3079 4145 179 7270 7070 0
170 421 981 786 646 297 687 811 692 538 629 734 0
509 654 1047 852 1957 1653 427 0
3879 1901 1653 978 2714 92 1604 2773 569 257 351 0
6049 1911 6196 3588 6301 6068 2026 3798 0
334 174 413 293 215 326 48 39 137 243 497 146 278 90 307 0
255 99 215 443 152 175 461 87 18 507 335 187 423 0
851 499 427 651 192 507 636 712 0
1767 1347 388 1430 2042 1373 0
