22
-2664974 1463364 -747341
-8699209 9937231 -7102567
-1694322 -4200010 -4693220
6922377 1094800 1140108
-9939370 -4991547 85897
6322805 1178007 7395285
4105915 -381075 5034865
2567491 -7261288 8654114
9711063 -6253036 2481195
-3806818 2459193 -6586702
-4729626 7336608 -7275898
-6332198 -4785903 -376930
2699565 -7212480 6591089
4916888 -4856881 -4189731
127778 2794119 6026669
-8723272 6802448 8749815
6928891 -1044168 6717477
241520 -1392216 -3570997
-421400 -8549953 303867
-6583867 3943080 6886714
-2476428 9908731 -3152913
3745514 -1032997 -3348757
